4.000000e+01 7.040125e+05 6.265428e+06
4.050000e+01 7.113200e+05 6.369602e+06
4.100000e+01 7.187862e+05 6.474860e+06
4.150000e+01 7.264207e+05 6.581258e+06
4.200000e+01 7.342340e+05 6.688854e+06
4.250000e+01 7.422369e+05 6.797708e+06
4.300000e+01 7.504414e+05 6.907886e+06
4.350000e+01 7.588603e+05 7.019456e+06
4.400000e+01 7.675073e+05 7.132490e+06
4.450000e+01 7.763974e+05 7.247064e+06
4.500000e+01 7.855466e+05 7.363261e+06
4.550000e+01 7.949723e+05 7.481167e+06
4.600000e+01 8.046935e+05 7.600873e+06
4.650000e+01 8.147306e+05 7.722480e+06
4.700000e+01 8.251061e+05 7.846092e+06
4.750000e+01 8.358444e+05 7.971822e+06
4.800000e+01 8.469720e+05 8.099791e+06
4.850000e+01 8.585181e+05 8.230129e+06
4.900000e+01 8.705147e+05 8.362976e+06
4.950000e+01 8.829970e+05 8.498483e+06
5.000000e+01 8.960036e+05 8.636813e+06
5.050000e+01 9.095773e+05 8.778141e+06
5.100000e+01 9.237652e+05 8.922658e+06
5.150000e+01 9.386198e+05 9.070572e+06
5.200000e+01 9.541993e+05 9.222108e+06
5.250000e+01 9.705686e+05 9.377512e+06
5.300000e+01 9.878000e+05 9.537053e+06
5.350000e+01 1.005975e+06 9.701024e+06
5.400000e+01 1.025184e+06 9.869748e+06
5.450000e+01 1.045531e+06 1.004358e+07
5.500000e+01 1.067131e+06 1.022291e+07
5.550000e+01 1.090117e+06 1.040818e+07
5.600000e+01 1.114637e+06 1.059986e+07
5.650000e+01 1.140865e+06 1.079848e+07
5.700000e+01 1.168995e+06 1.100465e+07
5.750000e+01 1.199254e+06 1.121903e+07
5.800000e+01 1.231903e+06 1.144236e+07
5.850000e+01 1.267247e+06 1.167549e+07
5.900000e+01 1.305639e+06 1.191937e+07
5.950000e+01 1.347495e+06 1.217507e+07
6.000000e+01 1.393306e+06 1.244384e+07
6.050000e+01 1.443654e+06 1.272707e+07
6.100000e+01 1.499233e+06 1.302638e+07
6.150000e+01 1.560878e+06 1.334365e+07
6.200000e+01 1.629600e+06 1.368104e+07
6.250000e+01 1.706632e+06 1.404109e+07
6.300000e+01 1.793491e+06 1.442677e+07
6.350000e+01 1.892057e+06 1.484160e+07
6.400000e+01 2.004691e+06 1.528976e+07
6.450000e+01 2.134381e+06 1.577625e+07
6.500000e+01 2.284958e+06 1.630713e+07
6.550000e+01 2.461397e+06 1.688974e+07
6.600000e+01 2.670247e+06 1.753311e+07
6.650000e+01 2.920269e+06 1.824838e+07
6.700000e+01 3.223386e+06 1.904948e+07
6.750000e+01 3.596141e+06 1.995392e+07
6.800000e+01 4.061989e+06 2.098390e+07
6.850000e+01 4.654997e+06 2.216764e+07
6.900000e+01 5.426003e+06 2.354105e+07
6.950000e+01 6.453191e+06 2.514910e+07
7.000000e+01 7.860832e+06 2.704564e+07
7.050000e+01 9.853431e+06 2.928684e+07
7.100000e+01 1.277871e+07 3.190343e+07
7.150000e+01 1.723943e+07 3.480532e+07
7.200000e+01 2.425009e+07 3.747667e+07
7.250000e+01 3.517889e+07 3.810105e+07
7.300000e+01 4.996482e+07 3.195228e+07
7.350000e+01 6.107007e+07 1.360305e+07
7.400000e+01 5.621556e+07 -8.942295e+06
7.450000e+01 4.095078e+07 -2.039869e+07
7.500000e+01 2.755299e+07 -2.169196e+07
7.550000e+01 1.876569e+07 -1.914990e+07
7.600000e+01 1.330999e+07 -1.587975e+07
7.650000e+01 9.861272e+06 -1.284058e+07
7.700000e+01 7.600179e+06 -1.023376e+07
7.750000e+01 6.060463e+06 -8.042182e+06
7.800000e+01 4.975300e+06 -6.199379e+06
7.850000e+01 4.187313e+06 -4.638045e+06
7.900000e+01 3.600301e+06 -3.301681e+06
7.950000e+01 3.153364e+06 -2.145506e+06
8.000000e+01 2.806685e+06 -1.134656e+06
8.050000e+01 2.533463e+06 -2.420371e+05
8.100000e+01 2.315186e+06 5.535026e+05
8.150000e+01 2.138767e+06 1.268610e+06
8.200000e+01 1.994762e+06 1.916505e+06
8.250000e+01 1.876229e+06 2.507788e+06
8.300000e+01 1.777980e+06 3.051037e+06
8.350000e+01 1.696082e+06 3.553259e+06
8.400000e+01 1.627508e+06 4.020228e+06
8.450000e+01 1.569907e+06 4.456739e+06
8.500000e+01 1.521426e+06 4.866809e+06
8.550000e+01 1.480595e+06 5.253823e+06
8.600000e+01 1.446233e+06 5.620661e+06
8.650000e+01 1.417389e+06 5.969782e+06
8.700000e+01 1.393284e+06 6.303304e+06
8.750000e+01 1.373284e+06 6.623062e+06
8.800000e+01 1.356863e+06 6.930652e+06
8.850000e+01 1.343585e+06 7.227475e+06
8.900000e+01 1.333089e+06 7.514762e+06
8.950000e+01 1.325072e+06 7.793607e+06
9.000000e+01 1.319279e+06 8.064981e+06
9.050000e+01 1.315498e+06 8.329755e+06
9.100000e+01 1.313549e+06 8.588713e+06
9.150000e+01 1.313281e+06 8.842563e+06
9.200000e+01 1.314567e+06 9.091951e+06
9.250000e+01 1.317302e+06 9.337467e+06
9.300000e+01 1.321396e+06 9.579655e+06
9.350000e+01 1.326777e+06 9.819017e+06
9.400000e+01 1.333386e+06 1.005602e+07
9.450000e+01 1.341175e+06 1.029110e+07
9.500000e+01 1.350108e+06 1.052468e+07
9.550000e+01 1.360156e+06 1.075713e+07
9.600000e+01 1.371303e+06 1.098885e+07
9.650000e+01 1.383539e+06 1.122017e+07
9.700000e+01 1.396860e+06 1.145146e+07
9.750000e+01 1.411272e+06 1.168305e+07
9.800000e+01 1.426787e+06 1.191527e+07
9.850000e+01 1.443424e+06 1.214845e+07
9.900000e+01 1.461210e+06 1.238290e+07
9.950000e+01 1.480177e+06 1.261896e+07
1.000000e+02 1.500366e+06 1.285695e+07
1.005000e+02 1.521825e+06 1.309720e+07
1.010000e+02 1.544609e+06 1.334005e+07
1.015000e+02 1.568784e+06 1.358583e+07
1.020000e+02 1.594420e+06 1.383492e+07
1.025000e+02 1.621603e+06 1.408766e+07
1.030000e+02 1.650424e+06 1.434446e+07
1.035000e+02 1.680989e+06 1.460570e+07
1.040000e+02 1.713414e+06 1.487182e+07
1.045000e+02 1.747832e+06 1.514325e+07
1.050000e+02 1.784390e+06 1.542048e+07
1.055000e+02 1.823253e+06 1.570399e+07
1.060000e+02 1.864606e+06 1.599434e+07
1.065000e+02 1.908656e+06 1.629211e+07
1.070000e+02 1.955637e+06 1.659790e+07
1.075000e+02 2.005809e+06 1.691240e+07
1.080000e+02 2.059470e+06 1.723634e+07
1.085000e+02 2.116951e+06 1.757052e+07
1.090000e+02 2.178632e+06 1.791579e+07
1.095000e+02 2.244941e+06 1.827312e+07
1.100000e+02 2.316367e+06 1.864354e+07
1.105000e+02 2.393466e+06 1.902821e+07
1.110000e+02 2.476880e+06 1.942840e+07
1.115000e+02 2.567344e+06 1.984551e+07
1.120000e+02 2.665706e+06 2.028113e+07
1.125000e+02 2.772952e+06 2.073701e+07
1.130000e+02 2.890229e+06 2.121510e+07
1.135000e+02 3.018878e+06 2.171763e+07
1.140000e+02 3.160478e+06 2.224708e+07
1.145000e+02 3.316892e+06 2.280627e+07
1.150000e+02 3.490337e+06 2.339841e+07
1.155000e+02 3.683465e+06 2.402715e+07
1.160000e+02 3.899467e+06 2.469667e+07
1.165000e+02 4.142209e+06 2.541179e+07
1.170000e+02 4.416414e+06 2.617805e+07
1.175000e+02 4.727892e+06 2.700185e+07
1.180000e+02 5.083856e+06 2.789066e+07
1.185000e+02 5.493339e+06 2.885314e+07
1.190000e+02 5.967770e+06 2.989944e+07
1.195000e+02 6.521761e+06 3.104138e+07
1.200000e+02 7.174202e+06 3.229280e+07
1.205000e+02 7.949826e+06 3.366977e+07
1.210000e+02 8.881430e+06 3.519085e+07
1.215000e+02 1.001311e+07 3.687700e+07
1.220000e+02 1.140504e+07 3.875112e+07
1.225000e+02 1.314048e+07 4.083626e+07
1.230000e+02 1.533635e+07 4.315148e+07
1.235000e+02 1.815877e+07 4.570230e+07
1.240000e+02 2.184538e+07 4.846001e+07
1.245000e+02 2.673438e+07 5.131767e+07
1.250000e+02 3.329206e+07 5.399868e+07
1.255000e+02 4.210009e+07 5.587671e+07
1.260000e+02 5.367734e+07 5.566796e+07
1.265000e+02 6.783524e+07 5.110556e+07
1.270000e+02 8.226268e+07 3.932697e+07
1.275000e+02 9.145698e+07 1.949612e+07
1.280000e+02 8.987448e+07 -3.526086e+06
1.285000e+02 7.828420e+07 -2.169024e+07
1.290000e+02 6.287899e+07 -3.133122e+07
1.295000e+02 4.871271e+07 -3.414058e+07
1.300000e+02 3.752864e+07 -3.313416e+07
1.305000e+02 2.920753e+07 -3.045357e+07
1.310000e+02 2.311267e+07 -2.723951e+07
1.315000e+02 1.862959e+07 -2.401768e+07
1.320000e+02 1.529012e+07 -2.100195e+07
1.325000e+02 1.276330e+07 -1.826119e+07
1.330000e+02 1.082029e+07 -1.580076e+07
1.335000e+02 9.302916e+06 -1.360049e+07
1.340000e+02 8.100809e+06 -1.163191e+07
1.345000e+02 7.135934e+06 -9.865707e+06
1.350000e+02 6.352277e+06 -8.274768e+06
1.355000e+02 5.709018e+06 -6.835150e+06
1.360000e+02 5.175969e+06 -5.526204e+06
1.365000e+02 4.730490e+06 -4.330305e+06
1.370000e+02 4.355377e+06 -3.232486e+06
1.375000e+02 4.037393e+06 -2.220041e+06
1.380000e+02 3.766241e+06 -1.282173e+06
1.385000e+02 3.533823e+06 -4.096781e+05
1.390000e+02 3.333710e+06 4.053103e+05
1.395000e+02 3.160750e+06 1.169547e+06
1.400000e+02 3.010781e+06 1.888856e+06
1.405000e+02 2.880415e+06 2.568278e+06
1.410000e+02 2.766874e+06 3.212196e+06
1.415000e+02 2.667863e+06 3.824440e+06
1.420000e+02 2.581480e+06 4.408368e+06
1.425000e+02 2.506134e+06 4.966939e+06
1.430000e+02 2.440491e+06 5.502772e+06
1.435000e+02 2.383427e+06 6.018191e+06
1.440000e+02 2.333991e+06 6.515274e+06
1.445000e+02 2.291375e+06 6.995880e+06
1.450000e+02 2.254891e+06 7.461683e+06
1.455000e+02 2.223950e+06 7.914195e+06
1.460000e+02 2.198052e+06 8.354791e+06
1.465000e+02 2.176765e+06 8.784721e+06
1.470000e+02 2.159722e+06 9.205131e+06
1.475000e+02 2.146608e+06 9.617077e+06
1.480000e+02 2.137154e+06 1.002153e+07
1.485000e+02 2.131132e+06 1.041940e+07
1.490000e+02 2.128350e+06 1.081153e+07
1.495000e+02 2.128645e+06 1.119871e+07
1.500000e+02 2.131885e+06 1.158169e+07
1.505000e+02 2.137960e+06 1.196117e+07
1.510000e+02 2.146788e+06 1.233784e+07
1.515000e+02 2.158302e+06 1.271233e+07
1.520000e+02 2.172461e+06 1.308529e+07
1.525000e+02 2.189237e+06 1.345730e+07
1.530000e+02 2.208625e+06 1.382897e+07
1.535000e+02 2.230634e+06 1.420088e+07
1.540000e+02 2.255291e+06 1.457360e+07
1.545000e+02 2.282640e+06 1.494772e+07
1.550000e+02 2.312744e+06 1.532379e+07
1.555000e+02 2.345680e+06 1.570241e+07
1.560000e+02 2.381546e+06 1.608416e+07
1.565000e+02 2.420459e+06 1.646963e+07
1.570000e+02 2.462555e+06 1.685945e+07
1.575000e+02 2.507995e+06 1.725425e+07
1.580000e+02 2.556961e+06 1.765468e+07
1.585000e+02 2.609661e+06 1.806143e+07
1.590000e+02 2.666333e+06 1.847521e+07
1.595000e+02 2.727245e+06 1.889679e+07
1.600000e+02 2.792702e+06 1.932696e+07
1.605000e+02 2.863046e+06 1.976657e+07
1.610000e+02 2.938666e+06 2.021653e+07
1.615000e+02 3.019999e+06 2.067780e+07
1.620000e+02 3.107540e+06 2.115142e+07
1.625000e+02 3.201848e+06 2.163852e+07
1.630000e+02 3.303560e+06 2.214031e+07
1.635000e+02 3.413395e+06 2.265812e+07
1.640000e+02 3.532174e+06 2.319337e+07
1.645000e+02 3.660833e+06 2.374764e+07
1.650000e+02 3.800442e+06 2.432266e+07
1.655000e+02 3.952232e+06 2.492032e+07
1.660000e+02 4.117618e+06 2.554271e+07
1.665000e+02 4.298236e+06 2.619213e+07
1.670000e+02 4.495983e+06 2.687117e+07
1.675000e+02 4.713070e+06 2.758267e+07
1.680000e+02 4.952085e+06 2.832981e+07
1.685000e+02 5.216068e+06 2.911616e+07
1.690000e+02 5.508613e+06 2.994573e+07
1.695000e+02 5.833986e+06 3.082299e+07
1.700000e+02 6.197286e+06 3.175301e+07
1.705000e+02 6.604636e+06 3.274150e+07
1.710000e+02 7.063443e+06 3.379492e+07
1.715000e+02 7.582726e+06 3.492056e+07
1.720000e+02 8.173542e+06 3.612669e+07
1.725000e+02 8.849555e+06 3.742259e+07
1.730000e+02 9.627782e+06 3.881873e+07
1.735000e+02 1.052960e+07 4.032674e+07
1.740000e+02 1.158209e+07 4.195945e+07
1.745000e+02 1.281988e+07 4.373058e+07
1.750000e+02 1.428765e+07 4.565429e+07
1.755000e+02 1.604361e+07 4.774399e+07
1.760000e+02 1.816416e+07 5.001010e+07
1.765000e+02 2.075037e+07 5.245584e+07
1.770000e+02 2.393652e+07 5.506943e+07
1.775000e+02 2.790082e+07 5.780984e+07
1.780000e+02 3.287726e+07 6.058122e+07
1.785000e+02 3.916399e+07 6.318767e+07
1.790000e+02 4.711433e+07 6.525678e+07
1.795000e+02 5.707625e+07 6.612163e+07
1.800000e+02 6.920808e+07 6.467672e+07
1.805000e+02 8.306492e+07 5.932068e+07
1.810000e+02 9.694847e+07 4.831127e+07
1.815000e+02 1.075240e+08 3.097122e+07
1.820000e+02 1.109198e+08 9.354715e+06
1.825000e+02 1.055125e+08 -1.179063e+07
1.830000e+02 9.346157e+07 -2.796024e+07
1.835000e+02 7.879766e+07 -3.757600e+07
1.840000e+02 6.470166e+07 -4.165668e+07
1.845000e+02 5.264898e+07 -4.206854e+07
1.850000e+02 4.291901e+07 -4.040967e+07
1.855000e+02 3.525783e+07 -3.773983e+07
1.860000e+02 2.926929e+07 -3.467747e+07
1.865000e+02 2.457825e+07 -3.155572e+07
1.870000e+02 2.087811e+07 -2.854145e+07
1.875000e+02 1.793277e+07 -2.570973e+07
1.880000e+02 1.556480e+07 -2.308681e+07
1.885000e+02 1.364186e+07 -2.067396e+07
1.890000e+02 1.206512e+07 -1.846037e+07
1.895000e+02 1.076041e+07 -1.643009e+07
1.900000e+02 9.671583e+06 -1.456563e+07
1.905000e+02 8.755765e+06 -1.284978e+07
1.910000e+02 7.979909e+06 -1.126645e+07
1.915000e+02 7.318301e+06 -9.801070e+06
1.920000e+02 6.750741e+06 -8.440587e+06
1.925000e+02 6.261225e+06 -7.173452e+06
1.930000e+02 5.836961e+06 -5.989485e+06
1.935000e+02 5.467645e+06 -4.879730e+06
1.940000e+02 5.144913e+06 -3.836310e+06
1.945000e+02 4.861926e+06 -2.852296e+06
1.950000e+02 4.613057e+06 -1.921580e+06
1.955000e+02 4.393644e+06 -1.038767e+06
1.960000e+02 4.199805e+06 -1.990815e+05
1.965000e+02 4.028290e+06 6.017182e+05
1.970000e+02 3.876360e+06 1.367408e+06
1.975000e+02 3.741702e+06 2.101360e+06
1.980000e+02 3.622350e+06 2.806596e+06
1.985000e+02 3.516629e+06 3.485833e+06
1.990000e+02 3.423105e+06 4.141521e+06
1.995000e+02 3.340549e+06 4.775877e+06
2.000000e+02 3.267903e+06 5.390916e+06
2.005000e+02 3.204255e+06 5.988472e+06
2.010000e+02 3.148818e+06 6.570225e+06
2.015000e+02 3.100910e+06 7.137716e+06
2.020000e+02 3.059944e+06 7.692368e+06
2.025000e+02 3.025412e+06 8.235494e+06
2.030000e+02 2.996875e+06 8.768318e+06
2.035000e+02 2.973957e+06 9.291980e+06
2.040000e+02 2.956335e+06 9.807550e+06
2.045000e+02 2.943735e+06 1.031604e+07
2.050000e+02 2.935926e+06 1.081839e+07
2.055000e+02 2.932717e+06 1.131552e+07
2.060000e+02 2.933951e+06 1.180830e+07
2.065000e+02 2.939507e+06 1.229754e+07
2.070000e+02 2.949293e+06 1.278408e+07
2.075000e+02 2.963246e+06 1.326867e+07
2.080000e+02 2.981332e+06 1.375210e+07
2.085000e+02 3.003542e+06 1.423510e+07
2.090000e+02 3.029896e+06 1.471843e+07
2.095000e+02 3.060439e+06 1.520283e+07
2.100000e+02 3.095241e+06 1.568903e+07
2.105000e+02 3.134402e+06 1.617778e+07
2.110000e+02 3.178048e+06 1.666984e+07
2.115000e+02 3.226333e+06 1.716597e+07
2.120000e+02 3.279445e+06 1.766696e+07
2.125000e+02 3.337603e+06 1.817362e+07
2.130000e+02 3.401060e+06 1.868678e+07
2.135000e+02 3.470112e+06 1.920732e+07
2.140000e+02 3.545094e+06 1.973615e+07
2.145000e+02 3.626387e+06 2.027422e+07
2.150000e+02 3.714428e+06 2.082254e+07
2.155000e+02 3.809709e+06 2.138217e+07
2.160000e+02 3.912788e+06 2.195426e+07
2.165000e+02 4.024297e+06 2.254000e+07
2.170000e+02 4.144953e+06 2.314071e+07
2.175000e+02 4.275566e+06 2.375776e+07
2.180000e+02 4.417058e+06 2.439267e+07
2.185000e+02 4.570477e+06 2.504706e+07
2.190000e+02 4.737015e+06 2.572269e+07
2.195000e+02 4.918034e+06 2.642149e+07
2.200000e+02 5.115093e+06 2.714555e+07
2.205000e+02 5.329982e+06 2.789718e+07
2.210000e+02 5.564762e+06 2.867887e+07
2.215000e+02 5.821813e+06 2.949342e+07
2.220000e+02 6.103896e+06 3.034386e+07
2.225000e+02 6.414225e+06 3.123357e+07
2.230000e+02 6.756556e+06 3.216629e+07
2.235000e+02 7.135300e+06 3.314614e+07
2.240000e+02 7.555659e+06 3.417772e+07
2.245000e+02 8.023800e+06 3.526611e+07
2.250000e+02 8.547069e+06 3.641697e+07
2.255000e+02 9.134271e+06 3.763658e+07
2.260000e+02 9.796013e+06 3.893187e+07
2.265000e+02 1.054516e+07 4.031048e+07
2.270000e+02 1.139739e+07 4.178078e+07
2.275000e+02 1.237199e+07 4.335182e+07
2.280000e+02 1.349275e+07 4.503321e+07
2.285000e+02 1.478934e+07 4.683487e+07
2.290000e+02 1.629889e+07 4.876650e+07
2.295000e+02 1.806825e+07 5.083664e+07
2.300000e+02 2.015685e+07 5.305112e+07
2.305000e+02 2.264039e+07 5.541018e+07
2.310000e+02 2.561563e+07 5.790392e+07
2.315000e+02 2.920599e+07 6.050437e+07
2.320000e+02 3.356776e+07 6.315257e+07
2.325000e+02 3.889510e+07 6.573733e+07
2.330000e+02 4.541964e+07 6.806142e+07
2.335000e+02 5.339473e+07 6.979030e+07
2.340000e+02 6.304427e+07 7.038232e+07
2.345000e+02 7.444091e+07 6.901510e+07
2.350000e+02 8.727111e+07 6.456772e+07
2.355000e+02 1.004900e+08 5.579911e+07
2.360000e+02 1.120525e+08 4.191218e+07
2.365000e+02 1.191989e+08 2.346434e+07
2.370000e+02 1.196781e+08 2.919813e+06
2.375000e+02 1.132320e+08 -1.614847e+07
2.380000e+02 1.018107e+08 -3.089712e+07
2.385000e+02 8.824948e+07 -4.037279e+07
2.390000e+02 7.484624e+07 -4.520281e+07
2.395000e+02 6.285945e+07 -4.665208e+07
2.400000e+02 5.271222e+07 -4.593800e+07
2.405000e+02 4.436294e+07 -4.397551e+07
2.410000e+02 3.757954e+07 -4.137113e+07
2.415000e+02 3.208707e+07 -3.849800e+07
2.420000e+02 2.763120e+07 -3.557364e+07
2.425000e+02 2.399847e+07 -3.271841e+07
2.430000e+02 2.101760e+07 -2.999419e+07
2.435000e+02 1.855404e+07 -2.742862e+07
2.440000e+02 1.650297e+07 -2.502983e+07
2.445000e+02 1.478293e+07 -2.279514e+07
2.450000e+02 1.333039e+07 -2.071625e+07
2.455000e+02 1.209564e+07 -1.878223e+07
2.460000e+02 1.103951e+07 -1.698124e+07
2.465000e+02 1.013096e+07 -1.530148e+07
2.470000e+02 9.345186e+06 -1.373170e+07
2.475000e+02 8.662278e+06 -1.226144e+07
2.480000e+02 8.066103e+06 -1.088114e+07
2.485000e+02 7.543518e+06 -9.582110e+06
2.490000e+02 7.083747e+06 -8.356543e+06
2.495000e+02 6.677897e+06 -7.197407e+06
2.500000e+02 6.318588e+06 -6.098400e+06
2.505000e+02 5.999662e+06 -5.053868e+06
2.510000e+02 5.715950e+06 -4.058739e+06
2.515000e+02 5.463098e+06 -3.108457e+06
2.520000e+02 5.237416e+06 -2.198922e+06
2.525000e+02 5.035768e+06 -1.326441e+06
2.530000e+02 4.855473e+06 -4.876759e+05
2.535000e+02 4.694237e+06 3.203939e+05
2.540000e+02 4.550085e+06 1.100512e+06
2.545000e+02 4.421315e+06 1.855173e+06
2.550000e+02 4.306455e+06 2.586658e+06
2.555000e+02 4.204231e+06 3.297053e+06
2.560000e+02 4.113536e+06 3.988273e+06
2.565000e+02 4.033407e+06 4.662084e+06
2.570000e+02 3.963009e+06 5.320117e+06
2.575000e+02 3.901615e+06 5.963888e+06
2.580000e+02 3.848593e+06 6.594806e+06
2.585000e+02 3.803395e+06 7.214189e+06
2.590000e+02 3.765547e+06 7.823274e+06
2.595000e+02 3.734643e+06 8.423226e+06
2.600000e+02 3.710333e+06 9.015148e+06
2.605000e+02 3.692322e+06 9.600089e+06
2.610000e+02 3.680364e+06 1.017905e+07
2.615000e+02 3.674257e+06 1.075300e+07
2.620000e+02 3.673841e+06 1.132285e+07
2.625000e+02 3.678995e+06 1.188952e+07
2.630000e+02 3.689633e+06 1.245387e+07
2.635000e+02 3.705707e+06 1.301677e+07
2.640000e+02 3.727201e+06 1.357906e+07
2.645000e+02 3.754135e+06 1.414159e+07
2.650000e+02 3.786560e+06 1.470519e+07
2.655000e+02 3.824563e+06 1.527069e+07
2.660000e+02 3.868264e+06 1.583895e+07
2.665000e+02 3.917821e+06 1.641083e+07
2.670000e+02 3.973428e+06 1.698718e+07
2.675000e+02 4.035318e+06 1.756892e+07
2.680000e+02 4.103769e+06 1.815695e+07
2.685000e+02 4.179102e+06 1.875223e+07
2.690000e+02 4.261691e+06 1.935575e+07
2.695000e+02 4.351962e+06 1.996854e+07
2.700000e+02 4.450402e+06 2.059169e+07
2.705000e+02 4.557566e+06 2.122634e+07
2.710000e+02 4.674082e+06 2.187369e+07
2.715000e+02 4.800665e+06 2.253502e+07
2.720000e+02 4.938122e+06 2.321170e+07
2.725000e+02 5.087370e+06 2.390519e+07
2.730000e+02 5.249448e+06 2.461705e+07
2.735000e+02 5.425536e+06 2.534897e+07
2.740000e+02 5.616977e+06 2.610275e+07
2.745000e+02 5.825297e+06 2.688036e+07
2.750000e+02 6.052243e+06 2.768393e+07
2.755000e+02 6.299812e+06 2.851578e+07
2.760000e+02 6.570296e+06 2.937842e+07
2.765000e+02 6.866332e+06 3.027460e+07
2.770000e+02 7.190965e+06 3.120733e+07
2.775000e+02 7.547726e+06 3.217990e+07
2.780000e+02 7.940716e+06 3.319591e+07
2.785000e+02 8.374727e+06 3.425934e+07
2.790000e+02 8.855374e+06 3.537450e+07
2.795000e+02 9.389267e+06 3.654615e+07
2.800000e+02 9.984226e+06 3.777950e+07
2.805000e+02 1.064954e+07 3.908020e+07
2.810000e+02 1.139631e+07 4.045441e+07
2.815000e+02 1.223786e+07 4.190876e+07
2.820000e+02 1.319026e+07 4.345027e+07
2.825000e+02 1.427301e+07 4.508630e+07
2.830000e+02 1.550992e+07 4.682428e+07
2.835000e+02 1.693017e+07 4.867137e+07
2.840000e+02 1.856972e+07 5.063383e+07
2.845000e+02 2.047314e+07 5.271592e+07
2.850000e+02 2.269578e+07 5.491832e+07
2.855000e+02 2.530660e+07 5.723537e+07
2.860000e+02 2.839143e+07 5.965084e+07
2.865000e+02 3.205668e+07 6.213122e+07
2.870000e+02 3.643279e+07 6.461517e+07
2.875000e+02 4.167610e+07 6.699744e+07
2.880000e+02 4.796593e+07 6.910470e+07
2.885000e+02 5.549060e+07 7.066135e+07
2.890000e+02 6.441060e+07 7.124587e+07
2.895000e+02 7.478061e+07 7.024722e+07
2.900000e+02 8.640929e+07 6.685231e+07
2.905000e+02 9.865545e+07 6.013222e+07
2.910000e+02 1.102336e+08 4.932380e+07
2.915000e+02 1.192365e+08 3.434019e+07
2.920000e+02 1.236384e+08 1.628580e+07
2.925000e+02 1.222300e+08 -2.547236e+06
2.930000e+02 1.153347e+08 -1.950642e+07
2.935000e+02 1.046227e+08 -3.270433e+07
2.940000e+02 9.220218e+07 -4.155392e+07
2.945000e+02 7.979083e+07 -4.650642e+07
2.950000e+02 6.841237e+07 -4.847522e+07
2.955000e+02 5.849531e+07 -4.839439e+07
2.960000e+02 5.009598e+07 -4.701967e+07
2.965000e+02 4.308717e+07 -4.489262e+07
2.970000e+02 3.727527e+07 -4.237431e+07
2.975000e+02 3.246055e+07 -3.969392e+07
2.980000e+02 2.846295e+07 -3.699122e+07
2.985000e+02 2.513007e+07 -3.434789e+07
2.990000e+02 2.233701e+07 -3.180883e+07
2.995000e+02 1.998306e+07 -2.939615e+07
3.000000e+02 1.798758e+07 -2.711813e+07
